,player_id,mode,up_count,down_count
0,5ee6d2494fd04045b988a12d,1,8,0
1,5ee6d2494fd04045b988a12d,2,4,0
2,5ef33c05f4c5240413ef9ac2,1,4,5
3,5ef33c05f4c5240413ef9ac2,2,6,0
4,5fc9a415aacaf14df94e6868,1,2,2
5,5fc9a415aacaf14df94e6868,2,2,0
6,6081c511ded5945d9b70801e,1,2,3
7,6081c511ded5945d9b70801e,2,4,4
8,60d520539b147c4acaf44b77,1,4,3
9,60d520539b147c4acaf44b77,2,5,0
10,60e5e62659dc1912bc43ed35,1,5,4
11,60e5e62659dc1912bc43ed35,2,10,0
12,60e7a66b2cb32cc90fade4e6,1,0,2
13,60e7a66b2cb32cc90fade4e6,2,1,0
14,60e9e9618953d7a3430dd8f6,1,4,1
15,60e9e9618953d7a3430dd8f6,2,3,1
16,60edb7015a9231789057bdea,1,3,1
17,60edb7015a9231789057bdea,2,2,0
18,60fdbe65ebde43c719f0a07c,1,2,2
19,60fdbe65ebde43c719f0a07c,2,2,1
20,60feed8e976bc867f41f91f8,1,7,2
21,60feed8e976bc867f41f91f8,2,7,2
22,61017fa8773be3bcfb745b82,1,6,2
23,61017fa8773be3bcfb745b82,2,6,0
24,6107f6bdc8e5d4c5b8daf4c1,1,4,0
25,6107f6bdc8e5d4c5b8daf4c1,2,7,0
26,6107f8f9c8d6e8a294ff1dd6,1,1,1
27,6107f8f9c8d6e8a294ff1dd6,2,5,3
28,610837720098e4d537f6d50b,1,7,2
29,610837720098e4d537f6d50b,2,17,1
30,61083d0cd5238a0405e40d81,1,6,0
31,61083d0cd5238a0405e40d81,2,3,0
32,61084126f133c28acb14c15b,1,1,0
33,61084126f133c28acb14c15b,2,4,0
34,6108444b19662154fc782bb5,1,1,1
35,6108444b19662154fc782bb5,2,0,3
36,61084b29eaf447617f3bf4a3,1,0,0
37,61084b29eaf447617f3bf4a3,2,0,2
38,6108519b1b1796459ad36a47,1,2,0
39,6108519b1b1796459ad36a47,2,2,0
40,6108528ed0f643feda6a8bc5,1,1,2
41,6108528ed0f643feda6a8bc5,2,4,1
42,61085d9d4bbc4cf358dfb1d7,1,4,0
43,61085d9d4bbc4cf358dfb1d7,2,3,0
44,6108969a42b2e1738ca05309,1,4,2
45,6108969a42b2e1738ca05309,2,1,0
46,6108a9fa94f1d9dbdcb0d322,1,1,0
47,6108a9fa94f1d9dbdcb0d322,2,0,1
48,6108ac76f73dfaf3c27db5b9,1,0,0
49,6108ac76f73dfaf3c27db5b9,2,5,0
50,6108c66b12dd5a199f12a937,1,7,0
51,6108c66b12dd5a199f12a937,2,2,0
52,61096ca0999b16524e70304f,1,5,3
53,61096ca0999b16524e70304f,2,0,0
54,6109746d0c492f63aca8cddd,1,1,1
55,6109746d0c492f63aca8cddd,2,3,0
56,610999778e6142549b918cce,1,0,1
57,610999778e6142549b918cce,2,5,0
58,6109b06dfa1c2030742239ec,1,0,0
59,6109b06dfa1c2030742239ec,2,0,0
60,6109bd0d694d2a4ea75bacf1,1,2,0
61,6109bd0d694d2a4ea75bacf1,2,1,0
62,6109bd72fa4cdd8f9585cc43,1,4,0
63,6109bd72fa4cdd8f9585cc43,2,2,1
64,6109c3a7a0e6d2a434e2fd60,1,2,4
65,6109c3a7a0e6d2a434e2fd60,2,8,1
66,610a58b6c0de3eaaf1c566a2,1,4,2
67,610a58b6c0de3eaaf1c566a2,2,3,2
68,610ad8111e76c155f89fa26d,1,2,0
69,610ad8111e76c155f89fa26d,2,1,0
70,610ae121a29b11dc55916f3e,1,4,1
71,610ae121a29b11dc55916f3e,2,9,0
72,610ae91ba2b28abc2bfdb685,1,4,1
73,610ae91ba2b28abc2bfdb685,2,0,0
74,610aebd03f7daffc2fcce4b9,1,0,0
75,610aebd03f7daffc2fcce4b9,2,5,0
