(9, 14, 15, 17)random:  0.4542414994653635, smote:  0.44117414274128314, adasyn: 0.4298280289361314
(9, 14, 15, 20)random:  0.45565725601181256, smote:  0.46385055744970943, adasyn: 0.4483376305213161
(9, 14, 15, 23)random:  0.4178429592079747, smote:  0.4325005808363326, adasyn: 0.42326220025817546
(9, 14, 15, 45)random:  0.41546796068106956, smote:  0.41966311661872857, adasyn: 0.4208990073465456
(9, 14, 17, 20)random:  0.4726506585511028, smote:  0.4724066249081728, adasyn: 0.49836497263175145
(9, 14, 17, 23)random:  0.27376034089898676, smote:  0.26983214943175904, adasyn: 0.2654287258874148
(9, 14, 17, 45)random:  0.373305937388094, smote:  0.36434096511914515, adasyn: 0.3849320104708341
(9, 14, 20, 23)random:  0.502213883769571, smote:  0.4777726543912706, adasyn: 0.46599389958988824
(9, 14, 20, 45)random:  0.41655704857614845, smote:  0.42042101916445884, adasyn: 0.42197593763117774
(9, 14, 23, 45)random:  0.3910607862233643, smote:  0.39003955697164744, adasyn: 0.3916260353094911
(9, 15, 17, 20)random:  0.4584531993011599, smote:  0.4571530409453948, adasyn: 0.4714291347795825
(9, 15, 17, 23)random:  0.4094124138137329, smote:  0.40306507450761053, adasyn: 0.43509571548934844
(9, 15, 17, 45)random:  0.37415125543655625, smote:  0.4271679282883092, adasyn: 0.41599011871864106
(9, 15, 20, 23)random:  0.40956835695675387, smote:  0.4387255165931569, adasyn: 0.44152640253112724
(9, 15, 20, 45)random:  0.427442759641311, smote:  0.38145006059448394, adasyn: 0.38168173251605275
(9, 15, 23, 45)random:  0.40003013654270797, smote:  0.4073819313768297, adasyn: 0.3631746939231787
(9, 17, 20, 23)random:  0.4827970390343119, smote:  0.5007562814430898, adasyn: 0.48996440997120766
(9, 17, 20, 45)random:  0.41508524627334703, smote:  0.43759212785838164, adasyn: 0.43137079327062106
(9, 17, 23, 45)random:  0.36994499460695446, smote:  0.3664806927865213, adasyn: 0.3490110844358323
(9, 20, 23, 45)random:  0.38857649368623925, smote:  0.41174880940174036, adasyn: 0.41380679045371743
(14, 15, 17, 20)random:  0.4425746729830993, smote:  0.4615676476216787, adasyn: 0.47663689432432854
(14, 15, 17, 23)random:  0.39891397011328367, smote:  0.42889289670560365, adasyn: 0.4527392217196363
(14, 15, 17, 45)random:  0.41230970061531375, smote:  0.4005043623202998, adasyn: 0.41605094021637257
(14, 15, 20, 23)random:  0.4806748793167019, smote:  0.4714972406319694, adasyn: 0.46650304064600734
(14, 15, 20, 45)random:  0.4142785374977594, smote:  0.42198874718905677, adasyn: 0.40031608073504693
(14, 15, 23, 45)random:  0.3691091207830472, smote:  0.39186607685997915, adasyn: 0.3812739074180183
(14, 17, 20, 23)random:  0.47474691899088184, smote:  0.4802228804951648, adasyn: 0.4507091442859648
(14, 17, 20, 45)random:  0.4158572702142891, smote:  0.4228328623436309, adasyn: 0.43106997353463905
(14, 17, 23, 45)random:  0.3586791104290633, smote:  0.40546983540382375, adasyn: 0.38513068975863424
(14, 20, 23, 45)random:  0.44006538157106206, smote:  0.44414341680365366, adasyn: 0.42443488964334297
(15, 17, 20, 23)random:  0.44253174814895097, smote:  0.4577432356877504, adasyn: 0.4617776493609042
(15, 17, 20, 45)random:  0.4033473579545594, smote:  0.41204959326729423, adasyn: 0.40846148914276525
(15, 17, 23, 45)random:  0.37520804996691387, smote:  0.39165164582205914, adasyn: 0.4103622181276643
(15, 20, 23, 45)random:  0.39072374342527794, smote:  0.411717651483488, adasyn: 0.3722044064872574
(17, 20, 23, 45)random:  0.4132987881275135, smote:  0.42032608064375465, adasyn: 0.42018911489790467
(9, 14, 15, 17, 20)random:  0.44596249789621006, smote:  0.47004209405721703, adasyn: 0.4935026541314935
(9, 14, 15, 17, 23)random:  0.4169501229988509, smote:  0.4219435396976654, adasyn: 0.40613985697376465
(9, 14, 15, 17, 45)random:  0.3875907140510587, smote:  0.39058721067675717, adasyn: 0.44421544283030345
(9, 14, 15, 20, 23)random:  0.47850296930252506, smote:  0.4483780957878414, adasyn: 0.473819395830131
(9, 14, 15, 20, 45)random:  0.4047084335915603, smote:  0.40343829547508375, adasyn: 0.4226818274594691
(9, 14, 15, 23, 45)random:  0.41118754588390966, smote:  0.37604262982496933, adasyn: 0.4068568518292276
(9, 14, 17, 20, 23)random:  0.48222090072473706, smote:  0.4680307908694906, adasyn: 0.5153148106217429
(9, 14, 17, 20, 45)random:  0.41943732949272045, smote:  0.4039901271235906, adasyn: 0.46271677062661043
(9, 14, 17, 23, 45)random:  0.3598629541201084, smote:  0.3737444415189064, adasyn: 0.39133958627035753
(9, 14, 20, 23, 45)random:  0.4545551958619425, smote:  0.4383280979548598, adasyn: 0.39567795522431587
(9, 15, 17, 20, 23)random:  0.4502439256058823, smote:  0.43247967584546515, adasyn: 0.4344448886480923
(9, 15, 17, 20, 45)random:  0.4549495135112715, smote:  0.45566783342950967, adasyn: 0.4350927010680947
(9, 15, 17, 23, 45)random:  0.3672419536033481, smote:  0.4033254187270878, adasyn: 0.3901744687786551
(9, 15, 20, 23, 45)random:  0.40109517538616823, smote:  0.36403014272486617, adasyn: 0.41170931458734195
(9, 17, 20, 23, 45)random:  0.45057180487185683, smote:  0.4047228596443564, adasyn: 0.4155281766268709
(14, 15, 17, 20, 23)random:  0.47095958497961454, smote:  0.44144281704595345, adasyn: 0.44623484399269825
(14, 15, 17, 20, 45)random:  0.424498407913659, smote:  0.4141694720867692, adasyn: 0.43085036449917324
(14, 15, 17, 23, 45)random:  0.38201678949219664, smote:  0.36156249158577863, adasyn: 0.3539861784317296
(14, 15, 20, 23, 45)random:  0.36733549111831515, smote:  0.4077982406325521, adasyn: 0.4049482430195706
(14, 17, 20, 23, 45)random:  0.4331309902179602, smote:  0.4234213560971267, adasyn: 0.3972524336276246
(15, 17, 20, 23, 45)random:  0.40859631851823264, smote:  0.4177094548561771, adasyn: 0.3901438753218391
(9, 14, 15, 17, 20, 23)random:  0.44534576483924987, smote:  0.4537642186253843, adasyn: 0.4849363701423737
(9, 14, 15, 17, 20, 45)random:  0.4408444831841656, smote:  0.43068972205987166, adasyn: 0.4177182592318816
(9, 14, 15, 17, 23, 45)random:  0.3986681214624006, smote:  0.38511158308208965, adasyn: 0.38222366843607924
(9, 14, 15, 20, 23, 45)random:  0.41210026871839106, smote:  0.41387455378460897, adasyn: 0.3995749737268111
(9, 14, 17, 20, 23, 45)random:  0.42809082932308784, smote:  0.41926856902255316, adasyn: 0.4111358969428292
(9, 15, 17, 20, 23, 45)random:  0.43854042974121044, smote:  0.41690955828694415, adasyn: 0.445394103964442
(14, 15, 17, 20, 23, 45)random:  0.3863097067798169, smote:  0.423615382015725, adasyn: 0.44589889112911707
(9, 14, 15, 17, 20, 23, 45)random:  0.38661373545615035, smote:  0.43214532021636515, adasyn: 0.4292753074612678
